20
0.0 0.0 0.0
1.0 0.0 0.0
2.0 0.0 0.0
3.0 0.0 0.0
4.0 0.0 0.0
0.0 0.5 0.0
1.0 0.5 0.0
2.0 0.5 0.0
3.0 0.5 0.0
4.0 0.5 0.0
0.0 0.0 0.5
1.0 0.0 0.5
2.0 0.0 0.5
3.0 0.0 0.5
4.0 0.0 0.5
0.0 0.5 0.5
1.0 0.5 0.5
2.0 0.5 0.5
3.0 0.5 0.5
4.0 0.5 0.5
96
1 2 6 11
2 7 6 12
2 3 7 12
3 8 7 13
3 4 8 13
4 9 8 14
4 5 9 14
5 10 9 15
6 7 11 16
7 12 11 17
7 8 12 17
8 13 12 18
8 9 13 18
9 14 13 19
9 10 14 19
10 15 14 20
11 12 16 21
12 17 16 22
12 13 17 22
13 18 17 23
13 14 18 23
14 19 18 24
14 15 19 24
15 20 19 25
16 17 21 26
17 22 21 27
17 18 22 27
18 23 22 28
18 19 23 28
19 24 23 29
19 20 24 29
20 25 24 30
21 22 26 31
22 27 26 32
22 23 27 32
23 28 27 33
23 24 28 33
24 29 28 34
24 25 29 34
25 30 29 35
26 27 31 36
27 32 31 37
27 28 32 37
28 33 32 38
28 29 33 38
29 34 33 39
29 30 34 39
30 35 34 40
31 32 36 41
32 37 36 42
32 33 37 42
33 38 37 43
33 34 38 43
34 39 38 44
34 35 39 44
35 40 39 45
36 37 41 46
37 42 41 47
37 38 42 47
38 43 42 48
38 39 43 48
39 44 43 49
39 40 44 49
40 45 44 50
41 42 46 51
42 47 46 52
42 43 47 52
43 48 47 53
43 44 48 53
44 49 48 54
44 45 49 54
45 50 49 55
46 47 51 56
47 52 51 57
47 48 52 57
48 53 52 58
48 49 53 58
49 54 53 59
49 50 54 59
50 55 54 60
51 52 56 61
52 57 56 62
52 53 57 62
53 58 57 63
53 54 58 63
54 59 58 64
54 55 59 64
55 60 59 65
56 57 61 66
57 62 61 67
57 58 62 67
58 63 62 68
58 59 63 68
59 64 63 69
59 60 64 69
60 65 64 70
61 62 66 71
62 67 66 72
62 63 67 72
63 68 67 73
63 64 68 73
64 69 68 74
64 65 69 74
65 70 69 75
66 67 71 76
67 72 71 77
67 68 72 77
68 73 72 78
68 69 73 78
69 74 73 79
69 70 74 79
70 75 74 80 