27
0.0 0.0 0.0
0.5 0.0 0.0
1.0 0.0 0.0
0.0 0.5 0.0
0.5 0.5 0.0
1.0 0.5 0.0
0.0 1.0 0.0
0.5 1.0 0.0
1.0 1.0 0.0
0.0 0.0 0.5
0.5 0.0 0.5
1.0 0.0 0.5
0.0 0.5 0.5
0.5 0.5 0.5
1.0 0.5 0.5
0.0 1.0 0.5
0.5 1.0 0.5
1.0 1.0 0.5
0.0 0.0 1.0
0.5 0.0 1.0
1.0 0.0 1.0
0.0 0.5 1.0
0.5 0.5 1.0
1.0 0.5 1.0
0.0 1.0 1.0
0.5 1.0 1.0
1.0 1.0 1.0
48
1 2 5 10
2 6 5 10
2 3 6 10
3 9 6 10
3 8 9 10
3 7 8 10
3 4 7 10
4 1 7 10
1 5 7 10
5 6 7 10
6 9 7 10
9 8 7 10
8 4 7 10
10 11 14 19
11 15 14 19
11 12 15 19
12 18 15 19
12 17 18 19
12 16 17 19
12 13 16 19
13 10 16 19
10 14 16 19
14 15 16 19
15 18 16 19
18 17 16 19
17 13 16 19
19 20 23 28
20 24 23 28
20 21 24 28
21 27 24 28
21 26 27 28
21 25 26 28
21 22 25 28
22 19 25 28
19 23 25 28
23 24 25 28
24 27 25 28
27 26 25 28
26 22 25 28
2 5 6 11
3 6 9 12
4 7 8 13
5 8 9 14
6 9 12 15
7 10 11 16
8 11 12 17
9 12 15 18
10 13 14 19
11 14 15 20
12 15 18 21
13 16 17 22
14 17 18 23
15 18 21 24
16 19 20 25
17 20 21 26
18 21 24 27 